20808,25232,29656,1311,5734,10155,14576,18995,23413,27830,32244,3889,8300,12708,17114,21518,25918,
30316,1943,6334,10721,15106,19486,23862,28234,32602,4197,8555,12909,17258,21601,25939,30272,1830,
6151,10466,14775,19077,23373,27662,31944,3450,7718,11978,16231,20476,24713,28942,395,4607,8811,
13006,17192,21369,25536,29695,1075,5214,9343,13462,17571,21670,25758,29835,1133,5188,9232,13265,
17286,21296,25294,29279,485,4446,8395,12332,16255,20166,24063,27947,31818,2908,6751,10581,14397,
18199,21986,25759,29518,493,4222,7936,11635,15318,18986,22638,26274,29895,731,4320,7892,11447,
14986,18508,22014,25502,28973,32427,3095,6514,9915,13299,16664,20011,23340,26651,29943,448,3703,
6939,10156,13353,16532,19691,22830,25950,29050,32131,2423,5463,8483,11482,14461,17420,20357,
23274,26170,29045,31899,1963,4774,7563,10331,13077,15802,18504,21184,23842,26478,29092,31683,
1483,4029,6552,9052,11529,13983,16414,18822,21206,23567,25904,28218,30508,6,2248,4466,6661,8830,
10976,13098,15194,17267,19315,21338,23336,25310,27259,29182,31081,186,2035,3858,5655,7428,9174,
10896,12591,14261,15905,17523,19116,20682,22223,23737,25225,26687,28123,29532,30915,32272,834,
2138,3415,4665,5889,7086,8257,9400,10517,11606,12669,13705,14714,15695,16650,17577,18477,19350,
20196,21014,21806,22569,23306,24015,24696,25350,25977,26576,27147,27691,28208,28696,29158,29591,
29997,30375,30725,31048,31343,31611,31850,32062,32246,32402,32531,32632,32705,32750,32767,32757,
32719,32653,32559,32438,32288,32111,31907,31674,31414,31126,30810,30467,30095,29697,29270,28816,
28334,27825,27288,26723,26131,25512,24865,24190,23488,22759,22002,21218,20406,19567,18701,17808,
16887,15940,14965,13963,12934,11878,10796,9686,8549,7386,6195,4978,3735,2464,1167,32612,31262,
29886,28483,27054,25598,24117,22609,21075,19515,17930,16318,14680,13017,11328,9613,7873,6107,
4316,2499,658,31558,29666,27749,25806,23839,21847,19830,17789,15722,13632,11516,9377,7213,5025,
2813,577,31085,28801,26493,24162,21807,19429,17027,14602,12154,9683,7188,4671,2131,32336,29751,
27143,24513,21861,19186,16489,13770,11030,8267,5483,2678,32619,29771,26901,24011,21099,18167,
15213,12240,9245,6231,3196,141,29833,26738,23623,20489,17335,14161,10968,7756,4525,1275,30775,
27487,24181,20857,17514,14154,10775,7378,3964,532,29851,26384,22900,19399,15881,12346,8795,5227,
1643,30811,27194,23562,19913,16249,12570,8875,5165,1440,30469,26714,22944,19161,15363,11550,
7724,3884,30,28930,25049,21155,17248,13328,9395,5449,1491,30288,26306,22311,18304,14286,10256,
6215,2163,30867,26793,22707,18612,14505,10389,6262,2126,30748,26592,22426,18252,14068,9875,5674,
1464,30013,25786,21551,17308,13058,8799,4533,260,28748,24461,20167,15867,11560,7246,2927,31370,
27038,22702,18360,14012,9660,5303,941,29342,24971,20596,16217,11834,7447,3057,31431,27034,22634,
18231,13826,9418,5008,596,28950,24534,20116,15697,11276,6855,2433,30778,26354,21930,17506,13081,
8657,4233,32578,28155,23733,19312,14892,10474,6057,1642,29997,25585,21176,16770,12366,7964,3566,
31939,27547,23158,18773,14392,10014,5641,1272,29676,25316,20962,16612,12267,7927,3594,32033,27711,
23394,19084,14780,10483,6192,1909,30400,26130,21868,17614,13367,9128,4897,674,29227,25022,20824,
16636,12457,8287,4126,32743,28601,24470,20348,16237,12136,8045,3965,32664,28606,24559,20523,16499,
12487,8486,4497,520,29324,25372,21433,17506,13592,9691,5803,1929,30836,26989,23156,19336,15531,
11740,7963,4201,454,29489,25771,22069,18382,14710,11054,7413,3789,180,29356,25780,22220,18677,
15150,11641,8148,4673,1214,30542,27118,23713,20325,16955,13603,10269,6954,3657,379,29888,26647,
23425,20223,17039,13876,10731,7606,4501,1416,31118,28073,25048,22044,19059,16096,13153,10231,
7329,4449,1590,31520,28704,25909,23136,20384,17654,14946,12260,9597,6955,4336,1739,31933,29381,
26853,24347,21864,19404,16967,14553,12163,9796,7453,5134,2838,565,31085,28861,26661,24485,22333,
20205,18102,16023,13969,11940,9935,7955,6000,4070,2165,285,31199,29369,27565,25786,24033,22305,
20603,18927,17276,15652,14053,12480,10933,9412,7917,6448,5006,3590,2200,836,32268,30957,29673,
28416,27186,25982,24805,23654,22531,21435,20365,19322,18307,17318,16357,15423,14515,13636,12783,
11958,11160,10389,9646,8930,8241,7580,6947,6340,5762,5211,4688,4192,3724,3283,2870,2485,2128,
1798,1496,1222,975,756,565,402,266,158,78,26,2,5,36,95,182,296,438,608,806,1031,1285,1566,1874,
2211,2575,2967,3386,3833,4308,4810,5340,5898,6483,7096,7736,8403,9098,9821,10571,11348,12152,
12984,13844,14730,15644,16584,17552,18547,19569,20618,21694,22797,23927,25084,26267,27478,28714,
29978,31268,32585,1160,2530,3926,5348,6797,8272,9773,11300,12853,14433,16038,17669,19326,21008,
22716,24450,26209,27994,29804,31640,733,2619,4530,6466,8427,10412,12423,14458,16518,18603,20712,
22845,25003,27185,29391,31621,1107,3385,5686,8012,10360,12733,15129,17548,19990,22456,24944,
27455,29990,32547,2358,4960,7585,10232,12901,15592,18305,21040,23797,26575,29376,32197,2272,
5136,8021,10928,13855,16803,19771,22760,25770,28800,31850,2152,5242,8352,11481,14630,17799,
20987,24194,27420,30666,1162,4444,7745,11065,14403,17759,21133,24526,27935,31363,2040,5502,
8982,12479,15992,19523,23070,26633,30214,1042,4654,8283,11927,15587,19262,22953,26659,30380,
1349,5100,8865,12645,16440,20249,24071,27908,31758,2855,6732,10623,14527,18444,22374,26316,
30271,1471,5450,9442,13445,17461,21488,25526,29576,868,4940,9023,13116,17219,21333,25457,
29591,967,5120,9283,13456,17637,21828,26027,30235,1683,5908,10141,14382,18631,22887,27151,
31422,2933,7218,11510,15809,20115,24426,28744,300,4630,8965,13306,17652,22003,26359,30720,
2317,6687,11061,15439,19821,24207,28597,222,4618,9017,13419,17823,22231,26640,31052,2698,
7113,11531,15949,20369,24791,29213,868,5291,9715,14139
